B1509 15 13 55.52 -59 08 08.8
Crab 05 34 31.93830 +22 00 52.1758
B0540 05 40 10.84 -69 19 54.2
Vela 8 35 20.65525 -45 10 35.1545
B0656 06 59 48.1960 +14 14 19.400
Geminga 06 33 54.153 +17 46 12.91
B1055 10 57 59.0450 -52 26 56.330
B1929 19 32 14.0570 +10 59 33.380
B0950 09 53 09.2970 +07 55 36.400



#Coordenadas Utilizadas
Crab 05 34 31.93830 +22 00 52.1758
B0540 05 40 10.84 -69 19 54.2
Vela 8 35 20.65525 -45 10 35.1545
B0656 06 59 48.1960 +14 14 19.400
Geminga 06 33 54.153 +17 46 12.91
B1055 10 57 59.0450 -52 26 56.330
B0950 09 53 09.2970 +07 55 36.400
